 0.002 0.002  0.0  0.0  0.0  0.0  0.0  0.0  0.0  0.0
  0.0004 0.002 0.002  0.0  0.0  0.0004  0.0004  0.0004  0.0  0.0
  0.0  0.0004 0.002 0.002  0.0004  0.0004  0.0004  0.0004  0.0  0.0
  0.0004  0.0004  0.0004 0.002 0.002 0.002  0.0004  0.0004  0.0004  0.0
  0.0004  0.0004  0.0004 0.002 0.002 0.002 0.002 0.002 0.002 0.002
  0.0004  0.0004  0.0004 0.002 0.002 0.002 0.002 0.002  0.0004  0.0004
  0.0004  0.0004  0.0004 0.002 0.002 0.002 0.002 0.002  0.0004  0.0
  0.0  0.0004  0.0004 0.002 0.002 0.002 0.002  0.0004  0.0004  0.0
  0.0  0.0004  0.0004 0.002 0.002 0.002 0.002  0.0004  0.0004  0.0
  0.0  0.0004  0.0004 0.002 0.002 0.002 0.002  0.0004  0.0004  0.0004
  0.0  0.0004  0.0004 0.002 0.002 0.002 0.002  0.0004  0.0004  0.0
  0.0004  0.0004 0.002 0.002 0.002 0.002 0.002  0.0004  0.0004  0.0
 0.002 0.002 0.002 0.002 0.002 0.002 0.002 0.002 0.002  0.0
  0.0  0.0004  0.0004  0.0004  0.0004  0.0004  0.0004  0.0004 0.002  0.0
  0.0  0.0  0.0004  0.0004  0.0004  0.0004  0.0  0.0  0.0  0.0